206 35 35 255
224 89 31 255
255 165 30 255
239 215 35 255
55 181 41 255
56 183 179 255
33 116 175 255
35 73 127 255
8 27 45 255
DIV: Emil's Colorscale

206 35 35 130
224 89 31 130
239 215 35 130
55 181 41 130
56 183 179 130
33 116 175 130
108 29 198 130
78 97 142 130
128 157 160 130
DIV: Emil's Transparents

113 28 226 255
227 48 255 255
236 131 173 255
255 171 135 255
255 212 104 255
255 230 178 255
196 172 119 255
149 79 10 255
100 50 0 255
DIV: Emil's Softs

46 26 91 255
86 4 4 255
150 25 25 255
221 143 26 255
26 84 42 255
16 51 25 255
34 96 28 255
18 56 14 255
219 219 219 80
DIV: Emil's Mix

55 78 81 255
95 117 119 255
73 65 56 255
101 90 78 255
139 125 107 255
58 71 14 255
102 124 38 255
154 181 74 255
255 255 255 0
DIV: Emil's Sepia

219 219 219 255
193 193 193 255
158 158 158 255
127 127 127 255
84 84 84 255
51 51 51 255
20 20 20 255
0 0 0 255
96 96 96 80
DIV: Emil's Greyscale

215 183 140 255
199 155 97 255
184 133 65 255
153 109 56 255
112 80 41 255
68 49 25 255
45 32 16 255
107 66 38 255
63 36 17 255
DIV: Emil's Browns